Date,Total cases,Total Recovered,Total Death
1 Mar ,3,0,0
2 Mar ,6,0,0
3 Mar ,8,0,0
4 Mar ,30,0,0
5 Mar ,31,0,0
6 Mar ,32,0,0
7 Mar ,35,0,0
8 Mar ,41,0,0
9 Mar ,44,0,0
10 Mar ,60,0,0
11 Mar ,62,0,0
12 Mar ,74,3.0,0
13 Mar ,82,3.0,1.0
14 Mar ,107,9.0,2.0
15 Mar ,110,9.0,2.0
16 Mar ,114,13.0,2.0
17 Mar ,137,14.0,2.0
18 Mar ,151,14.0,3.0
19 Mar ,173,15.0,3.0
20 Mar ,223,20.0,4.0
21 Mar ,283,23.0,4.0
22 Mar ,360,23.0,4.0
23 Mar ,468,24.0,7.0
24 Mar ,519,37.0,9.0
25 Mar ,606,41.0,9.0
26 Mar ,694,43.0,13.0
27 Mar ,873,67.0,17.0
28 Mar ,979,79.0,19.0
29 Mar ,1071,87.0,25.0
30 Mar ,1251,100.0,29.0
31 Mar ,1637,102.0,32.0
1 Apr ,1965,132.0,38.0
2 Apr ,2301,151.0,50.0
3 Apr ,2902,157.0,56.0
4 Apr ,3374,184.0,68.0
5 Apr ,4067,267.0,77.0
6 Apr ,4421,292.0,109.0
7 Apr ,5194,401.0,149.0
8 Apr ,5734,473.0,166.0
9 Apr ,6412,504.0,199.0
10 Apr ,7447,643.0,239.0
11 Apr ,8356,715.0,273.0
12 Apr ,9152,857.0,308.0
13 Apr ,10363,1036.0,339.0
14 Apr ,11439,1306.0,377.0
15 Apr ,12380,1489.0,414.0
16 Apr ,13387,1749.0,437.0
17 Apr ,14378,1992.0,480.0
18 Apr ,15712,2231.0,507.0
19 Apr ,17265,2547.0,543.0
20 Apr ,18601,3252.0,590.0
21 Apr ,19984,3870.0,640.0
22 Apr ,21393,4258.0,681.0
23 Apr ,23077,4749.0,718.0
24 Apr ,24506,5063.0,775.0
25 Apr ,26496,5804.0,824.0
26 Apr ,27892,6185.0,872.0
27 Apr ,29435,6869.0,934.0
28 Apr ,31332,7696.0,1007.0
29 Apr ,33050,8325.0,1074.0
30 Apr ,35043,8889.0,1147.0
1 May ,37336,9951.0,1218.0
2 May ,39980,10633.0,1301.0
3 May ,42533,11707.0,1373.0
4 May ,46433,12727.0,1568.0
5 May ,49391,14183.0,1694.0
6 May ,52952,15267.0,1783.0
7 May ,56342,16540.0,1886.0
8 May ,59662,17847.0,1981.0
9 May ,62939,19358.0,2109.0
10 May ,67152,20917.0,2206.0
11 May ,70756,22455.0,2293.0
12 May ,74281,24386.0,2415.0
13 May ,78003,26235.0,2549.0
14 May ,81970,27920.0,2649.0
15 May ,85940,30153.0,2752.0
16 May ,90927,34109.0,2872.0
17 May ,96169,36824.0,3029.0
18 May ,101139,39174.0,3163.0
19 May ,106750,42298.0,3303.0
20 May ,112359,45300.0,3435.0
21 May ,118447,48534.0,3583.0
22 May ,125101,51784.0,3720.0
23 May ,131868,54441.0,3867.0
24 May ,138845,57721.0,4021.0
25 May ,145380,60490.0,4167.0
26 May ,151767,64426.0,4337.0
27 May ,158333,67692.0,4531.0
28 May ,165799,71106.0,4706.0
29 May ,173763,82370.0,4971.0
30 May ,182143,86984.0,5164.0
31 May ,190535,91819.0,5394.0
1 Jun ,198706,95526.0,5598.0
2 Jun ,207615,100303.0,5815.0
3 Jun ,216919,104107.0,6075.0
4 Jun ,226770,109461.0,6348.0
5 Jun ,236657,114073.0,6642.0
6 Jun ,246628,119293.0,6929.0
7 Jun ,256611,124095.0,7135.0
8 Jun ,266598,129214.0,7466.0
9 Jun ,276583,135205.0,7745.0
10 Jun ,286579,141028.0,8102.0
11 Jun ,297535,147195.0,8498.0
12 Jun ,308993,154330.0,8884.0
13 Jun ,320922,162379.0,9195.0
14 Jun ,332424,169798.0,9520.0
15 Jun ,343091,180013.0,9900.0
16 Jun ,354065,186935.0,11903.0
17 Jun ,366946,194325.0,12237.0
18 Jun ,380532,204711.0,12573.0
19 Jun ,395048,213831.0,12948.0
20 Jun ,410461,227756.0,13254.0
21 Jun ,425282,237196.0,13699.0
22 Jun ,440215,248190.0,14011.0
23 Jun ,456183,258685.0,14476.0
24 Jun ,473105,271697.0,14894.0
25 Jun ,490401,285637.0,15301.0
26 Jun ,508953,295881.0,15685.0
27 Jun ,528859,309713.0,16095.0
28 Jun ,548318,321723.0,16475.0
29 Jun ,566840,334822.0,16893.0
30 Jun ,585493,347979.0,17400.0
1 Jul ,604641,359860.0,17834.0
2 Jul ,625544,379892.0,18213.0
3 Jul ,648315,394227.0,18655.0
4 Jul ,673165,409083.0,19268.0
5 Jul ,697413,424433.0,19693.0
6 Jul ,719665,439948.0,20160.0
7 Jul ,742417,439948.0,20642.0
8 Jul ,767296,476378.0,21129.0
9 Jul ,793802,495516.0,21604.0
10 Jul ,820916,515386.0,22123.0
11 Jul ,849553,534621.0,22674.0
12 Jul ,878254,553471.0,23174.0
13 Jul ,906752,571460.0,23727.0
14 Jul ,936181,592032.0,24309.0
15 Jul ,968876,612815.0,24915.0
16 Jul ,1003832,635757.0,25602.0
17 Jul ,1038716,653751.0,26273.0
18 Jul ,1077618,677423.0,26816.0
19 Jul ,1118043,700087.0,27497.0
20 Jul ,1155191,724578.0,28084.0
21 Jul ,1192915,753050.0,28732.0
22 Jul ,1238635,782607.0,29861.0
23 Jul ,1287945,817209.0,30601.0
24 Jul ,1336861,849432.0,31358.0
25 Jul ,1385522,885577.0,32063.0
26 Jul ,1435453,917568.0,32771.0
27 Jul ,1483156,952743.0,33425.0
28 Jul ,1531669,988029.0,34193.0
29 Jul ,1583792,1020582.0,34968.0
30 Jul ,1638870,1057805.0,35747.0
31 Jul ,1695988,1094374.0,36511.0
1 Aug ,1750723,1145629.0,37364.0
2 Aug ,1803695,1186203.0,38135.0
3 Aug ,1855745,1230509.0,38938.0
4 Aug ,1908254,1282215.0,39795.0
5 Aug ,1964536,1328336.0,40699.0
6 Aug ,2027074,1378105.0,41585.0
7 Aug ,2088611,1427005.0,42518.0
8 Aug ,2153010,1480884.0,43379.0
9 Aug ,2215074,1535743.0,44386.0
10 Aug ,2268675,1583489.0,45257.0
11 Aug ,2329638,1639599.0,46091.0
12 Aug ,2396637,1695982.0,47033.0
13 Aug ,2461190,1751555.0,48040.0
14 Aug ,2526192,1808936.0,49036.0
15 Aug ,2589682,1862258.0,49980.0
16 Aug ,2647663,1919842.0,50921.0
17 Aug ,2702742,1977779.0,51797.0
18 Aug ,2767273,2037870.0,52889.0
19 Aug ,2836925,2096664.0,53866.0
20 Aug ,2905823,2158946.0,54849.0
21 Aug ,2975701,2222577.0,55794.0
22 Aug ,3044940,2280566.0,56706.0
23 Aug ,3106348,2338035.0,57542.0
24 Aug ,3167323,2404585.0,58390.0
25 Aug ,3234474,2467758.0,59449.0
26 Aug ,3310234,2523771.0,60472.0
27 Aug ,3387500,2583948.0,61529.0
28 Aug ,3463972,2648998.0,62550.0
29 Aug ,3542733,2713933.0,63498.0
30 Aug ,3621245,2774801.0,64469.0
31 Aug ,3691166,2839882.0,65288.0
1 Sep ,3769523,2901908.0,66333.0
2 Sep ,3853406,2970492.0,67376.0
3 Sep ,3936747,3037151.0,68472.0
4 Sep ,4023179,3107223.0,69561.0
5 Sep ,4113811,3180865.0,70626.0
6 Sep ,4204613,3250429.0,71642.0
7 Sep ,4280422,3323950.0,72775.0
8 Sep ,4370128,3398844.0,73890.0
9 Sep ,4465863,3471783.0,75062.0
10 Sep ,4562414,3542663.0,76271.0
11 Sep ,4659984,3624196.0,77472.0
12 Sep ,4754356,3702595.0,78586.0
13 Sep ,4846427,3780107.0,79722.0
14 Sep ,4930236,3859399.0,80776.0
15 Sep ,5020359,3942360.0,82066.0
16 Sep ,5118253,4025079.0,83198.0
17 Sep ,5214677,4112551.0,84372.0
18 Sep ,5308014,4208431.0,85619.0
19 Sep ,5400619,4303043.0,86752.0
20 Sep ,5487580,4396399.0,87882.0
21 Sep ,5562663,4497867.0,88935.0
22 Sep ,5646010,4587613.0,90020.0
23 Sep ,5732518,4674987.0,91149.0
24 Sep ,5818570,4756164.0,92290.0
25 Sep ,5903932,4849584.0,93379.0
26 Sep ,5992532,4941627.0,94503.0
27 Sep ,6074702,5016520.0,95542.0
28 Sep ,6145291,5101397.0,96318.0
29 Sep ,6225763,5187825.0,97497.0
30 Sep ,6312584,5273201.0,98678.0
1 Oct ,6394068,5352078.0,99773.0
2 Oct ,6473544,5427706.0,100842.0
3 Oct ,6549373,5509966.0,101782.0
4 Oct ,6623815,5586703.0,102685.0
5 Oct ,6685082,5662490.0,103569.0
6 Oct ,6757131,5744693.0,104555.0
7 Oct ,6835655,5827704.0,105526.0
8 Oct ,6906151,5906069.0,106490.0
9 Oct ,6979423,5988822.0,107416.0
10 Oct ,7053806,6077976.0,108334.0
11 Oct ,7120538,6149535.0,109150.0
12 Oct ,7175880,6227295.0,109856.0
